990208  SAO_146659    6.42
990622  HD_3029    7.16
990708  SAO_92729    7.75
990809  SAO_75762    6.30
990915  SAO_75762    6.37
980610  SAO_146505    6.67
980610  SAO_146659    6.47
980610  BS 8134    6.42
950310  BS 6051    6.31
001229  SAO_75762    6.38
020110  49    5.21
031108  69    5.36
070220  HD_154066    6.01
070624  HD_154066    7.48
070624  HD_154066    7.11
070624  HD_154066    7.48
070624  HD_154066    5.23
070220  HD_154066    6.03
020331  49    4.00
020331  49    5.23
000128  SN 99    6.46
990606  SAO_91934    7.06
981129  SAO_146659    7.66
980619  SAO_146505    6.97
070624  HD_154066    7.48
971018  BS 7159    4.10
971018  HD_16903    5.17
971018  BS 8134    4.33
970909  HD_304856    5.42
960812  BS 7159    6.01
990607  SAO_92536    2.75
990607  SAO_91934    4.72
990607  SAO_92536    2.77
990102  SAO_91858    4.41
170331  HR 4911    6.14
170121  HR 4911    6.17
180514  HD_133800    5.60
190517  HD_153393    8.50
190524  HD_153393    7.98
190618  HD_153393    7.05
190618  HD_158643    2.78
190711  HD_153393    7.99
190828  HD_153393    7.17
190828  HD_153393    4.40
191029  HD_153393    7.15
200512  HD_179609    6.93
200519  HD_179609    7.02
200627  HD_183545    5.92
200922  HD_183545    5.80
210429  HD_207052    5.78
220619  SAO_107895    7.78
220619  HD_7804    5.03
